(kicad_pcb (version 20171130) (host pcbnew "(5.0.2)-1")

  (general
    (thickness 1.6)
    (drawings 28)
    (tracks 730)
    (zones 0)
    (modules 105)
    (nets 63)
  )

  (page A4)
  (layers
    (0 F.Cu signal)
    (31 B.Cu signal)
    (32 B.Adhes user hide)
    (33 F.Adhes user hide)
    (34 B.Paste user hide)
    (35 F.Paste user hide)
    (36 B.SilkS user)
    (37 F.SilkS user)
    (38 B.Mask user)
    (39 F.Mask user)
    (40 Dwgs.User user)
    (41 Cmts.User user)
    (42 Eco1.User user hide)
    (43 Eco2.User user)
    (44 Edge.Cuts user)
    (45 Margin user)
    (46 B.CrtYd user hide)
    (47 F.CrtYd user hide)
    (48 B.Fab user hide)
    (49 F.Fab user hide)
  )

  (setup
    (last_trace_width 0.25)
    (user_trace_width 0.508)
    (user_trace_width 1.016)
    (trace_clearance 0.2032)
    (zone_clearance 0.254)
    (zone_45_only no)
    (trace_min 0.2)
    (segment_width 0.2)
    (edge_width 0.15)
    (via_size 0.8)
    (via_drill 0.4)
    (via_min_size 0.4064)
    (via_min_drill 0.3048)
    (user_via 0.508 0.3048)
    (user_via 1.016 0.508)
    (uvia_size 0.3)
    (uvia_drill 0.1)
    (uvias_allowed no)
    (uvia_min_size 0.2)
    (uvia_min_drill 0.1)
    (pcb_text_width 0.3)
    (pcb_text_size 1.5 1.5)
    (mod_edge_width 0.15)
    (mod_text_size 1 1)
    (mod_text_width 0.15)
    (pad_size 5.2 5.2)
    (pad_drill 4.7)
    (pad_to_mask_clearance 0.051)
    (solder_mask_min_width 0.25)
    (aux_axis_origin 0 0)
    (visible_elements 7FFFFFFF)
    (pcbplotparams
      (layerselection 0x01ff0_ffffffff)
      (usegerberextensions false)
      (usegerberattributes false)
      (usegerberadvancedattributes false)
      (creategerberjobfile false)
      (excludeedgelayer true)
      (linewidth 0.100000)
      (plotframeref false)
      (viasonmask false)
      (mode 1)
      (useauxorigin false)
      (hpglpennumber 1)
      (hpglpenspeed 20)
      (hpglpendiameter 15.000000)
      (psnegative false)
      (psa4output false)
      (plotreference true)
      (plotvalue true)
      (plotinvisibletext false)
      (padsonsilk false)
      (subtractmaskfromsilk false)
      (outputformat 1)
      (mirror false)
      (drillshape 0)
      (scaleselection 1)
      (outputdirectory "ergocape_v2"))
  )

  (net 0 "")
  (net 1 "Net-(C1-Pad1)")
  (net 2 GND)
  (net 3 "Net-(C2-Pad1)")
  (net 4 VCC)
  (net 5 "Net-(C8-Pad2)")
  (net 6 "Net-(D_1-Pad1)")
  (net 7 /COL2)
  (net 8 "Net-(D_2-Pad1)")
  (net 9 /COL3)
  (net 10 /COL4)
  (net 11 "Net-(D_3-Pad1)")
  (net 12 "Net-(D_4-Pad1)")
  (net 13 /COL5)
  (net 14 /COL6)
  (net 15 "Net-(D_5-Pad1)")
  (net 16 "Net-(D_ALT1-Pad1)")
  (net 17 "Net-(D_bot_1U_2-Pad1)")
  (net 18 "Net-(D_Bpt_1U_1-Pad1)")
  (net 19 "Net-(D_CAP1-Pad1)")
  (net 20 "Net-(D_CTRL1-Pad1)")
  (net 21 "Net-(D_D1-Pad1)")
  (net 22 "Net-(D_ESC1-Pad1)")
  (net 23 "Net-(D_SHIFT_1-Pad1)")
  (net 24 "Net-(D_tAB1-Pad1)")
  (net 25 "Net-(D_TH1_1-Pad1)")
  (net 26 /COL7)
  (net 27 "Net-(D_TH1_2-Pad1)")
  (net 28 "Net-(D_th_2U1-Pad1)")
  (net 29 "Net-(D_WIN1-Pad1)")
  (net 30 "Net-(DA1-Pad1)")
  (net 31 "Net-(DB1-Pad1)")
  (net 32 "Net-(DC1-Pad1)")
  (net 33 "Net-(DE1-Pad1)")
  (net 34 "Net-(DF1-Pad1)")
  (net 35 "Net-(DG1-Pad1)")
  (net 36 "Net-(DQ1-Pad1)")
  (net 37 "Net-(DR1-Pad1)")
  (net 38 "Net-(DS1-Pad1)")
  (net 39 "Net-(DT1-Pad1)")
  (net 40 "Net-(DV1-Pad1)")
  (net 41 "Net-(DW1-Pad1)")
  (net 42 "Net-(DX1-Pad1)")
  (net 43 "Net-(DZ1-Pad1)")
  (net 44 /ROW1)
  (net 45 /ROW3)
  (net 46 /ROW5)
  (net 47 /ROW4)
  (net 48 /ROW2)
  (net 49 /RST)
  (net 50 "Net-(R2-Pad2)")
  (net 51 "Net-(R3-Pad1)")
  (net 52 /USB_D_N_OUT)
  (net 53 /USB_D_P_OUT)
  (net 54 "Net-(R4-Pad1)")
  (net 55 /CC1)
  (net 56 /CC2)
  (net 57 /SERIAL)
  (net 58 /COL1)
  (net 59 /D_P_RAW)
  (net 60 /D_N_RAW)
  (net 61 "Net-(USB_1-Pad13)")
  (net 62 "Net-(D_TH1_3-Pad1)")

  (net_class Default "This is the default net class."
    (clearance 0.2032)
    (trace_width 0.25)
    (via_dia 0.8)
    (via_drill 0.4)
    (uvia_dia 0.3)
    (uvia_drill 0.1)
    (add_net /CC1)
    (add_net /CC2)
    (add_net /COL1)
    (add_net /COL2)
    (add_net /COL3)
    (add_net /COL4)
    (add_net /COL5)
    (add_net /COL6)
    (add_net /COL7)
    (add_net /D_N_RAW)
    (add_net /D_P_RAW)
    (add_net /ROW1)
    (add_net /ROW2)
    (add_net /ROW3)
    (add_net /ROW4)
    (add_net /ROW5)
    (add_net /RST)
    (add_net /SERIAL)
    (add_net /USB_D_N_OUT)
    (add_net /USB_D_P_OUT)
    (add_net GND)
    (add_net "Net-(C1-Pad1)")
    (add_net "Net-(C2-Pad1)")
    (add_net "Net-(C8-Pad2)")
    (add_net "Net-(DA1-Pad1)")
    (add_net "Net-(DB1-Pad1)")
    (add_net "Net-(DC1-Pad1)")
    (add_net "Net-(DE1-Pad1)")
    (add_net "Net-(DF1-Pad1)")
    (add_net "Net-(DG1-Pad1)")
    (add_net "Net-(DQ1-Pad1)")
    (add_net "Net-(DR1-Pad1)")
    (add_net "Net-(DS1-Pad1)")
    (add_net "Net-(DT1-Pad1)")
    (add_net "Net-(DV1-Pad1)")
    (add_net "Net-(DW1-Pad1)")
    (add_net "Net-(DX1-Pad1)")
    (add_net "Net-(DZ1-Pad1)")
    (add_net "Net-(D_1-Pad1)")
    (add_net "Net-(D_2-Pad1)")
    (add_net "Net-(D_3-Pad1)")
    (add_net "Net-(D_4-Pad1)")
    (add_net "Net-(D_5-Pad1)")
    (add_net "Net-(D_ALT1-Pad1)")
    (add_net "Net-(D_Bpt_1U_1-Pad1)")
    (add_net "Net-(D_CAP1-Pad1)")
    (add_net "Net-(D_CTRL1-Pad1)")
    (add_net "Net-(D_D1-Pad1)")
    (add_net "Net-(D_ESC1-Pad1)")
    (add_net "Net-(D_SHIFT_1-Pad1)")
    (add_net "Net-(D_TH1_1-Pad1)")
    (add_net "Net-(D_TH1_2-Pad1)")
    (add_net "Net-(D_TH1_3-Pad1)")
    (add_net "Net-(D_WIN1-Pad1)")
    (add_net "Net-(D_bot_1U_2-Pad1)")
    (add_net "Net-(D_tAB1-Pad1)")
    (add_net "Net-(D_th_2U1-Pad1)")
    (add_net "Net-(R2-Pad2)")
    (add_net "Net-(R3-Pad1)")
    (add_net "Net-(R4-Pad1)")
    (add_net "Net-(USB_1-Pad13)")
    (add_net VCC)
  )

  (module usbc_footprint:Hybrid_PCB_150H_Dual_hole (layer B.Cu) (tedit 5E04B3EC) (tstamp 5E2B6BBD)
    (at 60.325 58.7375 180)
    (path /5E0AB88F)
    (fp_text reference K_TAB1 (at 0 -3.175 180) (layer B.SilkS) hide
      (effects (font (size 1.27 1.524) (thickness 0.2032)) (justify mirror))
    )
    (fp_text value KEYSW (at 0 -5.08 180) (layer B.SilkS) hide
      (effects (font (size 1.27 1.524) (thickness 0.2032)) (justify mirror))
    )
    (fp_line (start -6.35 6.35) (end 6.35 6.35) (layer Cmts.User) (width 0.1524))
    (fp_line (start 6.35 6.35) (end 6.35 -6.35) (layer Cmts.User) (width 0.1524))
    (fp_line (start 6.35 -6.35) (end -6.35 -6.35) (layer Cmts.User) (width 0.1524))
    (fp_line (start -6.35 -6.35) (end -6.35 6.35) (layer Cmts.User) (width 0.1524))
    (fp_line (start -14.1605 9.398) (end 14.1605 9.398) (layer Dwgs.User) (width 0.1524))
    (fp_line (start 14.1605 9.398) (end 14.1605 -9.398) (layer Dwgs.User) (width 0.1524))
    (fp_line (start 14.1605 -9.398) (end -14.1605 -9.398) (layer Dwgs.User) (width 0.1524))
    (fp_line (start -14.1605 -9.398) (end -14.1605 9.398) (layer Dwgs.User) (width 0.1524))
    (fp_line (start -6.985 6.985) (end 6.985 6.985) (layer Eco2.User) (width 0.1524))
    (fp_line (start 6.985 6.985) (end 6.985 -6.985) (layer Eco2.User) (width 0.1524))
    (fp_line (start 6.985 -6.985) (end -6.985 -6.985) (layer Eco2.User) (width 0.1524))
    (fp_line (start -6.985 -6.985) (end -6.985 6.985) (layer Eco2.User) (width 0.1524))
    (pad 2 smd oval (at 2.52 4.79 183.945) (size 2.5 3.081378) (layers B.Cu B.Paste B.Mask)
      (net 48 /ROW2))
    (pad 2 thru_hole circle (at 2.5 4.5 209.05) (size 2 2) (drill 1.5) (layers *.Cu *.Mask)
      (net 48 /ROW2))
    (pad 2 thru_hole circle (at 2.54 5.08 209.05) (size 2 2) (drill 1.5) (layers *.Cu *.Mask)
      (net 48 /ROW2))
    (pad 1 thru_hole circle (at -2.5 4 209.05) (size 2 2) (drill 1.5) (layers *.Cu *.Mask)
      (net 24 "Net-(D_tAB1-Pad1)"))
    (pad HOLE np_thru_hole circle (at 0 0 180) (size 3.9878 3.9878) (drill 3.9878) (layers *.Cu))
    (pad HOLE np_thru_hole circle (at -5.08 0 180) (size 1.8 1.8) (drill 1.8) (layers *.Cu))
    (pad HOLE np_thru_hole circle (at 5.08 0 180) (size 1.8 1.8) (drill 1.8) (layers *.Cu))
    (pad 1 thru_hole circle (at -3.81 2.54 209.05) (size 2 2) (drill 1.5) (layers *.Cu *.Mask)
      (net 24 "Net-(D_tAB1-Pad1)"))
    (pad 2 smd oval (at 3.155 3.27 318.1) (size 2.5 4.461556) (layers F.Cu F.Paste F.Mask)
      (net 48 /ROW2))
    (pad 1 smd oval (at -3.155 3.27 41.9) (size 2.5 4.461556) (layers F.Cu F.Paste F.Mask)
      (net 24 "Net-(D_tAB1-Pad1)"))
    (pad 2 thru_hole circle (at 2.5 4 180) (size 2 2) (drill 1.5) (layers *.Cu *.Mask)
      (net 48 /ROW2))
    (pad 2 thru_hole circle (at 3.81 2.54 209.05) (size 2 2) (drill 1.5) (layers *.Cu *.Mask)
      (net 48 /ROW2))
    (pad 1 smd oval (at -2.52 4.79 176.055) (size 2.5 3.081378) (layers F.Cu F.Paste F.Mask)
      (net 24 "Net-(D_tAB1-Pad1)"))
    (pad 1 thru_hole circle (at -2.5 4.5 209.05) (size 2 2) (drill 1.5) (layers *.Cu *.Mask)
      (net 24 "Net-(D_tAB1-Pad1)"))
    (pad 1 thru_hole circle (at -2.54 5.08 209.05) (size 2 2) (drill 1.5) (layers *.Cu *.Mask)
      (net 24 "Net-(D_tAB1-Pad1)"))
    (pad 1 smd oval (at -3.155 3.27 41.9) (size 2.5 4.461556) (layers B.Cu B.Paste B.Mask)
      (net 24 "Net-(D_tAB1-Pad1)"))
    (pad 1 smd oval (at -2.52 4.79 176.055) (size 2.5 3.081378) (layers B.Cu B.Paste B.Mask)
      (net 24 "Net-(D_tAB1-Pad1)"))
    (pad 2 smd oval (at 3.155 3.27 318.1) (size 2.5 4.461556) (layers B.Cu B.Paste B.Mask)
      (net 48 /ROW2))
    (pad 2 smd oval (at 2.52 4.79 183.945) (size 2.5 3.081378) (layers F.Cu F.Paste F.Mask)
      (net 48 /ROW2))
    (model /Users/danny/Documents/proj/custom-keyboard/kicad-libs/3d_models/mx-switch.wrl
      (offset (xyz 7.4675998878479 7.4675998878479 5.943599910736085))
      (scale (xyz 0.4 0.4 0.4))
      (rotate (xyz 270 0 180))
    )
    (model /Users/danny/Documents/proj/custom-keyboard/kicad-libs/3d_models/SA-R3-1u.wrl
      (offset (xyz 0 0 11.93799982070923))
      (scale (xyz 0.394 0.394 0.394))
      (rotate (xyz 270 0 0))
    )
  )

  (module Keebio-Parts:Hybrid_PCB_100H_Dual_hole (layer F.Cu) (tedit 5A41EBEB) (tstamp 5E038224)
    (at 183.748537 145.007878 335)
    (path /5E0AEBCE)
    (fp_text reference K_TH_1U_2 (at 0 3.175 335) (layer F.SilkS) hide
      (effects (font (size 1.27 1.524) (thickness 0.2032)))
    )
    (fp_text value KEYSW (at 0 5.08 335) (layer F.SilkS) hide
      (effects (font (size 1.27 1.524) (thickness 0.2032)))
    )
    (fp_line (start -6.349999 -6.35) (end 6.35 -6.349999) (layer Cmts.User) (width 0.1524))
    (fp_line (start 6.35 -6.349999) (end 6.349999 6.35) (layer Cmts.User) (width 0.1524))
    (fp_line (start 6.349999 6.35) (end -6.35 6.349999) (layer Cmts.User) (width 0.1524))
    (fp_line (start -6.35 6.349999) (end -6.349999 -6.35) (layer Cmts.User) (width 0.1524))
    (fp_line (start -9.398 -9.398) (end 9.398 -9.398) (layer Dwgs.User) (width 0.1524))
    (fp_line (start 9.398 -9.398) (end 9.398 9.398) (layer Dwgs.User) (width 0.1524))
    (fp_line (start 9.398 9.398) (end -9.398 9.398) (layer Dwgs.User) (width 0.1524))
    (fp_line (start -9.398 9.398) (end -9.398 -9.398) (layer Dwgs.User) (width 0.1524))
    (fp_line (start -6.985 -6.985) (end 6.985 -6.985) (layer Eco2.User) (width 0.1524))
    (fp_line (start 6.985 -6.985) (end 6.985 6.985) (layer Eco2.User) (width 0.1524))
    (fp_line (start 6.985 6.985) (end -6.985 6.985) (layer Eco2.User) (width 0.1524))
    (fp_line (start -6.985 6.985) (end -6.985 -6.985) (layer Eco2.User) (width 0.1524))
    (pad 1 smd oval (at 2.52 -4.79 331.055) (size 2.5 3.081378) (layers F.Cu F.Paste F.Mask)
      (net 27 "Net-(D_TH1_2-Pad1)"))
    (pad 1 thru_hole circle (at 2.5 -4.5 305.95) (size 2 2) (drill 1.5) (layers *.Cu *.Mask)
      (net 27 "Net-(D_TH1_2-Pad1)"))
    (pad 1 thru_hole circle (at 2.54 -5.08 305.95) (size 2 2) (drill 1.5) (layers *.Cu *.Mask)
      (net 27 "Net-(D_TH1_2-Pad1)"))
    (pad 2 thru_hole circle (at -2.5 -4 305.95) (size 2 2) (drill 1.5) (layers *.Cu *.Mask)
      (net 46 /ROW5))
    (pad HOLE np_thru_hole circle (at 0 0 335) (size 3.9878 3.9878) (drill 3.9878) (layers *.Cu))
    (pad HOLE np_thru_hole circle (at -5.08 0 335) (size 1.8 1.8) (drill 1.8) (layers *.Cu))
    (pad HOLE np_thru_hole circle (at 5.08 0 335) (size 1.8 1.8) (drill 1.8) (layers *.Cu))
    (pad 2 thru_hole circle (at -3.81 -2.54 305.95) (size 2 2) (drill 1.5) (layers *.Cu *.Mask)
      (net 46 /ROW5))
    (pad 1 smd oval (at 3.155 -3.27 196.9) (size 2.5 4.461556) (layers B.Cu B.Paste B.Mask)
      (net 27 "Net-(D_TH1_2-Pad1)"))
    (pad 2 smd oval (at -3.155 -3.27 113.1) (size 2.5 4.461556) (layers B.Cu B.Paste B.Mask)
      (net 46 /ROW5))
    (pad 1 thru_hole circle (at 2.500001 -4 335) (size 2 2) (drill 1.5) (layers *.Cu *.Mask)
      (net 27 "Net-(D_TH1_2-Pad1)"))
    (pad 1 thru_hole circle (at 3.81 -2.54 305.95) (size 2 2) (drill 1.5) (layers *.Cu *.Mask)
      (net 27 "Net-(D_TH1_2-Pad1)"))
    (pad 2 smd oval (at -2.52 -4.79 338.945) (size 2.5 3.081378) (layers B.Cu B.Paste B.Mask)
      (net 46 /ROW5))
    (pad 2 thru_hole circle (at -2.5 -4.5 305.95) (size 2 2) (drill 1.5) (layers *.Cu *.Mask)
      (net 46 /ROW5))
    (pad 2 thru_hole circle (at -2.54 -5.08 305.95) (size 2 2) (drill 1.5) (layers *.Cu *.Mask)
      (net 46 /ROW5))
    (pad 2 smd oval (at -3.155 -3.27 113.1) (size 2.5 4.461556) (layers F.Cu F.Paste F.Mask)
      (net 46 /ROW5))
    (pad 2 smd oval (at -2.52 -4.79 338.945) (size 2.5 3.081378) (layers F.Cu F.Paste F.Mask)
      (net 46 /ROW5))
    (pad 1 smd oval (at 3.155 -3.27 196.9) (size 2.5 4.461556) (layers F.Cu F.Paste F.Mask)
      (net 27 "Net-(D_TH1_2-Pad1)"))
    (pad 1 smd oval (at 2.52 -4.79 331.055) (size 2.5 3.081378) (layers B.Cu B.Paste B.Mask)
      (net 27 "Net-(D_TH1_2-Pad1)"))
    (model /Users/danny/Documents/proj/custom-keyboard/kicad-libs/3d_models/mx-switch.wrl
      (offset (xyz 7.4675998878479 7.4675998878479 5.943599910736085))
      (scale (xyz 0.4 0.4 0.4))
      (rotate (xyz 270 0 180))
    )
    (model /Users/danny/Documents/proj/custom-keyboard/kicad-libs/3d_models/SA-R3-1u.wrl
      (offset (xyz 0 0 11.93799982070923))
      (scale (xyz 0.394 0.394 0.394))
      (rotate (xyz 270 0 0))
    )
  )

  (module Capacitor_SMD:C_0805_2012Metric_Pad1.15x1.40mm_HandSolder (layer B.Cu) (tedit 5B36C52B) (tstamp 5E03A482)
    (at 47.917481 26.483037 90)
    (descr "Capacitor SMD 0805 (2012 Metric), square (rectangular) end terminal, IPC_7351 nominal with elongated pad for handsoldering. (Body size source: https://docs.google.com/spreadsheets/d/1BsfQQcO9C6DZCsRaXUlFlo91Tg2WpOkGARC1WS5S8t0/edit?usp=sharing), generated with kicad-footprint-generator")
    (tags "capacitor handsolder")
    (path /5E0997FC)
    (attr smd)
    (fp_text reference C1 (at 0 1.65 90) (layer B.SilkS)
      (effects (font (size 1 1) (thickness 0.15)) (justify mirror))
    )
    (fp_text value 22p (at 0 -1.65 90) (layer B.Fab)
      (effects (font (size 1 1) (thickness 0.15)) (justify mirror))
    )
    (fp_line (start -1 -0.6) (end -1 0.6) (layer B.Fab) (width 0.1))
    (fp_line (start -1 0.6) (end 1 0.6) (layer B.Fab) (width 0.1))
    (fp_line (start 1 0.6) (end 1 -0.6) (layer B.Fab) (width 0.1))
    (fp_line (start 1 -0.6) (end -1 -0.6) (layer B.Fab) (width 0.1))
    (fp_line (start -0.261252 0.71) (end 0.261252 0.71) (layer B.SilkS) (width 0.12))
    (fp_line (start -0.261252 -0.71) (end 0.261252 -0.71) (layer B.SilkS) (width 0.12))
    (fp_line (start -1.85 -0.95) (end -1.85 0.95) (layer B.CrtYd) (width 0.05))
    (fp_line (start -1.85 0.95) (end 1.85 0.95) (layer B.CrtYd) (width 0.05))
    (fp_line (start 1.85 0.95) (end 1.85 -0.95) (layer B.CrtYd) (width 0.05))
    (fp_line (start 1.85 -0.95) (end -1.85 -0.95) (layer B.CrtYd) (width 0.05))
    (fp_text user %R (at 0 0 90) (layer B.Fab)
      (effects (font (size 0.5 0.5) (thickness 0.08)) (justify mirror))
    )
    (pad 1 smd roundrect (at -1.025 0 90) (size 1.15 1.4) (layers B.Cu B.Paste B.Mask) (roundrect_rratio 0.217391)
      (net 1 "Net-(C1-Pad1)"))
    (pad 2 smd roundrect (at 1.025 0 90) (size 1.15 1.4) (layers B.Cu B.Paste B.Mask) (roundrect_rratio 0.217391)
      (net 2 GND))
    (model ${KISYS3DMOD}/Capacitor_SMD.3dshapes/C_0805_2012Metric.wrl
      (at (xyz 0 0 0))
      (scale (xyz 1 1 1))
      (rotate (xyz 0 0 0))
    )
  )

  (module Capacitor_SMD:C_0805_2012Metric_Pad1.15x1.40mm_HandSolder (layer B.Cu) (tedit 5B36C52B) (tstamp 5E03A512)
    (at 38.923481 26.409037 270)
    (descr "Capacitor SMD 0805 (2012 Metric), square (rectangular) end terminal, IPC_7351 nominal with elongated pad for handsoldering. (Body size source: https://docs.google.com/spreadsheets/d/1BsfQQcO9C6DZCsRaXUlFlo91Tg2WpOkGARC1WS5S8t0/edit?usp=sharing), generated with kicad-footprint-generator")
    (tags "capacitor handsolder")
    (path /5E099832)
    (attr smd)
    (fp_text reference C2 (at 0 1.65 270) (layer B.SilkS)
      (effects (font (size 1 1) (thickness 0.15)) (justify mirror))
    )
    (fp_text value 22p (at 0 -1.65 270) (layer B.Fab)
      (effects (font (size 1 1) (thickness 0.15)) (justify mirror))
    )
    (fp_text user %R (at 0 0 270) (layer B.Fab)
      (effects (font (size 0.5 0.5) (thickness 0.08)) (justify mirror))
    )
    (fp_line (start 1.85 -0.95) (end -1.85 -0.95) (layer B.CrtYd) (width 0.05))
    (fp_line (start 1.85 0.95) (end 1.85 -0.95) (layer B.CrtYd) (width 0.05))
    (fp_line (start -1.85 0.95) (end 1.85 0.95) (layer B.CrtYd) (width 0.05))
    (fp_line (start -1.85 -0.95) (end -1.85 0.95) (layer B.CrtYd) (width 0.05))
    (fp_line (start -0.261252 -0.71) (end 0.261252 -0.71) (layer B.SilkS) (width 0.12))
    (fp_line (start -0.261252 0.71) (end 0.261252 0.71) (layer B.SilkS) (width 0.12))
    (fp_line (start 1 -0.6) (end -1 -0.6) (layer B.Fab) (width 0.1))
    (fp_line (start 1 0.6) (end 1 -0.6) (layer B.Fab) (width 0.1))
    (fp_line (start -1 0.6) (end 1 0.6) (layer B.Fab) (width 0.1))
    (fp_line (start -1 -0.6) (end -1 0.6) (layer B.Fab) (width 0.1))
    (pad 2 smd roundrect (at 1.025 0 270) (size 1.15 1.4) (layers B.Cu B.Paste B.Mask) (roundrect_rratio 0.217391)
      (net 2 GND))
    (pad 1 smd roundrect (at -1.025 0 270) (size 1.15 1.4) (layers B.Cu B.Paste B.Mask) (roundrect_rratio 0.217391)
      (net 3 "Net-(C2-Pad1)"))
    (model ${KISYS3DMOD}/Capacitor_SMD.3dshapes/C_0805_2012Metric.wrl
      (at (xyz 0 0 0))
      (scale (xyz 1 1 1))
      (rotate (xyz 0 0 0))
    )
  )

  (module Capacitor_SMD:C_0805_2012Metric_Pad1.15x1.40mm_HandSolder (layer B.Cu) (tedit 5B36C52B) (tstamp 5E03A4E2)
    (at 35.357994 25.657608 180)
    (descr "Capacitor SMD 0805 (2012 Metric), square (rectangular) end terminal, IPC_7351 nominal with elongated pad for handsoldering. (Body size source: https://docs.google.com/spreadsheets/d/1BsfQQcO9C6DZCsRaXUlFlo91Tg2WpOkGARC1WS5S8t0/edit?usp=sharing), generated with kicad-footprint-generator")
    (tags "capacitor handsolder")
    (path /5E099B5E)
    (attr smd)
    (fp_text reference C3 (at 0 1.65 180) (layer B.SilkS)
      (effects (font (size 1 1) (thickness 0.15)) (justify mirror))
    )
    (fp_text value 0.1u (at 0 -1.65 180) (layer B.Fab)
      (effects (font (size 1 1) (thickness 0.15)) (justify mirror))
    )
    (fp_line (start -1 -0.6) (end -1 0.6) (layer B.Fab) (width 0.1))
    (fp_line (start -1 0.6) (end 1 0.6) (layer B.Fab) (width 0.1))
    (fp_line (start 1 0.6) (end 1 -0.6) (layer B.Fab) (width 0.1))
    (fp_line (start 1 -0.6) (end -1 -0.6) (layer B.Fab) (width 0.1))
    (fp_line (start -0.261252 0.71) (end 0.261252 0.71) (layer B.SilkS) (width 0.12))
    (fp_line (start -0.261252 -0.71) (end 0.261252 -0.71) (layer B.SilkS) (width 0.12))
    (fp_line (start -1.85 -0.95) (end -1.85 0.95) (layer B.CrtYd) (width 0.05))
    (fp_line (start -1.85 0.95) (end 1.85 0.95) (layer B.CrtYd) (width 0.05))
    (fp_line (start 1.85 0.95) (end 1.85 -0.95) (layer B.CrtYd) (width 0.05))
    (fp_line (start 1.85 -0.95) (end -1.85 -0.95) (layer B.CrtYd) (width 0.05))
    (fp_text user %R (at 0 0 180) (layer B.Fab)
      (effects (font (size 0.5 0.5) (thickness 0.08)) (justify mirror))
    )
    (pad 1 smd roundrect (at -1.025 0 180) (size 1.15 1.4) (layers B.Cu B.Paste B.Mask) (roundrect_rratio 0.217391)
      (net 4 VCC))
    (pad 2 smd roundrect (at 1.025 0 180) (size 1.15 1.4) (layers B.Cu B.Paste B.Mask) (roundrect_rratio 0.217391)
      (net 2 GND))
    (model ${KISYS3DMOD}/Capacitor_SMD.3dshapes/C_0805_2012Metric.wrl
      (at (xyz 0 0 0))
      (scale (xyz 1 1 1))
      (rotate (xyz 0 0 0))
    )
  )

  (module Capacitor_SMD:C_0805_2012Metric_Pad1.15x1.40mm_HandSolder (layer B.Cu) (tedit 5B36C52B) (tstamp 5E03A4B2)
    (at 35.910219 41.852769 180)
    (descr "Capacitor SMD 0805 (2012 Metric), square (rectangular) end terminal, IPC_7351 nominal with elongated pad for handsoldering. (Body size source: https://docs.google.com/spreadsheets/d/1BsfQQcO9C6DZCsRaXUlFlo91Tg2WpOkGARC1WS5S8t0/edit?usp=sharing), generated with kicad-footprint-generator")
    (tags "capacitor handsolder")
    (path /5E099B8F)
    (attr smd)
    (fp_text reference C4 (at 0 1.65 180) (layer B.SilkS)
      (effects (font (size 1 1) (thickness 0.15)) (justify mirror))
    )
    (fp_text value 0.1u (at 0 -1.65 180) (layer B.Fab)
      (effects (font (size 1 1) (thickness 0.15)) (justify mirror))
    )
    (fp_text user %R (at 0 0 180) (layer B.Fab)
      (effects (font (size 0.5 0.5) (thickness 0.08)) (justify mirror))
    )
    (fp_line (start 1.85 -0.95) (end -1.85 -0.95) (layer B.CrtYd) (width 0.05))
    (fp_line (start 1.85 0.95) (end 1.85 -0.95) (layer B.CrtYd) (width 0.05))
    (fp_line (start -1.85 0.95) (end 1.85 0.95) (layer B.CrtYd) (width 0.05))
    (fp_line (start -1.85 -0.95) (end -1.85 0.95) (layer B.CrtYd) (width 0.05))
    (fp_line (start -0.261252 -0.71) (end 0.261252 -0.71) (layer B.SilkS) (width 0.12))
    (fp_line (start -0.261252 0.71) (end 0.261252 0.71) (layer B.SilkS) (width 0.12))
    (fp_line (start 1 -0.6) (end -1 -0.6) (layer B.Fab) (width 0.1))
    (fp_line (start 1 0.6) (end 1 -0.6) (layer B.Fab) (width 0.1))
    (fp_line (start -1 0.6) (end 1 0.6) (layer B.Fab) (width 0.1))
    (fp_line (start -1 -0.6) (end -1 0.6) (layer B.Fab) (width 0.1))
    (pad 2 smd roundrect (at 1.025 0 180) (size 1.15 1.4) (layers B.Cu B.Paste B.Mask) (roundrect_rratio 0.217391)
      (net 2 GND))
    (pad 1 smd roundrect (at -1.025 0 180) (size 1.15 1.4) (layers B.Cu B.Paste B.Mask) (roundrect_rratio 0.217391)
      (net 4 VCC))
    (model ${KISYS3DMOD}/Capacitor_SMD.3dshapes/C_0805_2012Metric.wrl
      (at (xyz 0 0 0))
      (scale (xyz 1 1 1))
      (rotate (xyz 0 0 0))
    )
  )

  (module Capacitor_SMD:C_0805_2012Metric_Pad1.15x1.40mm_HandSolder (layer B.Cu) (tedit 5B36C52B) (tstamp 5E03A233)
    (at 39.720219 46.932769 180)
    (descr "Capacitor SMD 0805 (2012 Metric), square (rectangular) end terminal, IPC_7351 nominal with elongated pad for handsoldering. (Body size source: https://docs.google.com/spreadsheets/d/1BsfQQcO9C6DZCsRaXUlFlo91Tg2WpOkGARC1WS5S8t0/edit?usp=sharing), generated with kicad-footprint-generator")
    (tags "capacitor handsolder")
    (path /5E099BB1)
    (attr smd)
    (fp_text reference C5 (at 0 1.65 180) (layer B.SilkS)
      (effects (font (size 1 1) (thickness 0.15)) (justify mirror))
    )
    (fp_text value 0.1u (at 0 -1.65 180) (layer B.Fab)
      (effects (font (size 1 1) (thickness 0.15)) (justify mirror))
    )
    (fp_line (start -1 -0.6) (end -1 0.6) (layer B.Fab) (width 0.1))
    (fp_line (start -1 0.6) (end 1 0.6) (layer B.Fab) (width 0.1))
    (fp_line (start 1 0.6) (end 1 -0.6) (layer B.Fab) (width 0.1))
    (fp_line (start 1 -0.6) (end -1 -0.6) (layer B.Fab) (width 0.1))
    (fp_line (start -0.261252 0.71) (end 0.261252 0.71) (layer B.SilkS) (width 0.12))
    (fp_line (start -0.261252 -0.71) (end 0.261252 -0.71) (layer B.SilkS) (width 0.12))
    (fp_line (start -1.85 -0.95) (end -1.85 0.95) (layer B.CrtYd) (width 0.05))
    (fp_line (start -1.85 0.95) (end 1.85 0.95) (layer B.CrtYd) (width 0.05))
    (fp_line (start 1.85 0.95) (end 1.85 -0.95) (layer B.CrtYd) (width 0.05))
    (fp_line (start 1.85 -0.95) (end -1.85 -0.95) (layer B.CrtYd) (width 0.05))
    (fp_text user %R (at 0 0) (layer B.Fab)
      (effects (font (size 0.5 0.5) (thickness 0.08)) (justify mirror))
    )
    (pad 1 smd roundrect (at -1.025 0 180) (size 1.15 1.4) (layers B.Cu B.Paste B.Mask) (roundrect_rratio 0.217391)
      (net 4 VCC))
    (pad 2 smd roundrect (at 1.025 0 180) (size 1.15 1.4) (layers B.Cu B.Paste B.Mask) (roundrect_rratio 0.217391)
      (net 2 GND))
    (model ${KISYS3DMOD}/Capacitor_SMD.3dshapes/C_0805_2012Metric.wrl
      (at (xyz 0 0 0))
      (scale (xyz 1 1 1))
      (rotate (xyz 0 0 0))
    )
  )

  (module Capacitor_SMD:C_0805_2012Metric_Pad1.15x1.40mm_HandSolder (layer B.Cu) (tedit 5B36C52B) (tstamp 5E03A203)
    (at 53.690219 33.470769 90)
    (descr "Capacitor SMD 0805 (2012 Metric), square (rectangular) end terminal, IPC_7351 nominal with elongated pad for handsoldering. (Body size source: https://docs.google.com/spreadsheets/d/1BsfQQcO9C6DZCsRaXUlFlo91Tg2WpOkGARC1WS5S8t0/edit?usp=sharing), generated with kicad-footprint-generator")
    (tags "capacitor handsolder")
    (path /5E099BD5)
    (attr smd)
    (fp_text reference C6 (at 0 1.65 90) (layer B.SilkS)
      (effects (font (size 1 1) (thickness 0.15)) (justify mirror))
    )
    (fp_text value 0.1u (at 0 -1.65 90) (layer B.Fab)
      (effects (font (size 1 1) (thickness 0.15)) (justify mirror))
    )
    (fp_text user %R (at 0 0 90) (layer B.Fab)
      (effects (font (size 0.5 0.5) (thickness 0.08)) (justify mirror))
    )
    (fp_line (start 1.85 -0.95) (end -1.85 -0.95) (layer B.CrtYd) (width 0.05))
    (fp_line (start 1.85 0.95) (end 1.85 -0.95) (layer B.CrtYd) (width 0.05))
    (fp_line (start -1.85 0.95) (end 1.85 0.95) (layer B.CrtYd) (width 0.05))
    (fp_line (start -1.85 -0.95) (end -1.85 0.95) (layer B.CrtYd) (width 0.05))
    (fp_line (start -0.261252 -0.71) (end 0.261252 -0.71) (layer B.SilkS) (width 0.12))
    (fp_line (start -0.261252 0.71) (end 0.261252 0.71) (layer B.SilkS) (width 0.12))
    (fp_line (start 1 -0.6) (end -1 -0.6) (layer B.Fab) (width 0.1))
    (fp_line (start 1 0.6) (end 1 -0.6) (layer B.Fab) (width 0.1))
    (fp_line (start -1 0.6) (end 1 0.6) (layer B.Fab) (width 0.1))
    (fp_line (start -1 -0.6) (end -1 0.6) (layer B.Fab) (width 0.1))
    (pad 2 smd roundrect (at 1.025 0 90) (size 1.15 1.4) (layers B.Cu B.Paste B.Mask) (roundrect_rratio 0.217391)
      (net 2 GND))
    (pad 1 smd roundrect (at -1.025 0 90) (size 1.15 1.4) (layers B.Cu B.Paste B.Mask) (roundrect_rratio 0.217391)
      (net 4 VCC))
    (model ${KISYS3DMOD}/Capacitor_SMD.3dshapes/C_0805_2012Metric.wrl
      (at (xyz 0 0 0))
      (scale (xyz 1 1 1))
      (rotate (xyz 0 0 0))
    )
  )

  (module Capacitor_SMD:C_0805_2012Metric_Pad1.15x1.40mm_HandSolder (layer B.Cu) (tedit 5B36C52B) (tstamp 5E03A1D3)
    (at 49.276 46.609 270)
    (descr "Capacitor SMD 0805 (2012 Metric), square (rectangular) end terminal, IPC_7351 nominal with elongated pad for handsoldering. (Body size source: https://docs.google.com/spreadsheets/d/1BsfQQcO9C6DZCsRaXUlFlo91Tg2WpOkGARC1WS5S8t0/edit?usp=sharing), generated with kicad-footprint-generator")
    (tags "capacitor handsolder")
    (path /5E099BFD)
    (attr smd)
    (fp_text reference C7 (at 0 1.65 270) (layer B.SilkS)
      (effects (font (size 1 1) (thickness 0.15)) (justify mirror))
    )
    (fp_text value 4.7u (at 0 -1.65 270) (layer B.Fab)
      (effects (font (size 1 1) (thickness 0.15)) (justify mirror))
    )
    (fp_line (start -1 -0.6) (end -1 0.6) (layer B.Fab) (width 0.1))
    (fp_line (start -1 0.6) (end 1 0.6) (layer B.Fab) (width 0.1))
    (fp_line (start 1 0.6) (end 1 -0.6) (layer B.Fab) (width 0.1))
    (fp_line (start 1 -0.6) (end -1 -0.6) (layer B.Fab) (width 0.1))
    (fp_line (start -0.261252 0.71) (end 0.261252 0.71) (layer B.SilkS) (width 0.12))
    (fp_line (start -0.261252 -0.71) (end 0.261252 -0.71) (layer B.SilkS) (width 0.12))
    (fp_line (start -1.85 -0.95) (end -1.85 0.95) (layer B.CrtYd) (width 0.05))
    (fp_line (start -1.85 0.95) (end 1.85 0.95) (layer B.CrtYd) (width 0.05))
    (fp_line (start 1.85 0.95) (end 1.85 -0.95) (layer B.CrtYd) (width 0.05))
    (fp_line (start 1.85 -0.95) (end -1.85 -0.95) (layer B.CrtYd) (width 0.05))
    (fp_text user %R (at 0 0 270) (layer B.Fab)
      (effects (font (size 0.5 0.5) (thickness 0.08)) (justify mirror))
    )
    (pad 1 smd roundrect (at -1.025 0 270) (size 1.15 1.4) (layers B.Cu B.Paste B.Mask) (roundrect_rratio 0.217391)
      (net 4 VCC))
    (pad 2 smd roundrect (at 1.025 0 270) (size 1.15 1.4) (layers B.Cu B.Paste B.Mask) (roundrect_rratio 0.217391)
      (net 2 GND))
    (model ${KISYS3DMOD}/Capacitor_SMD.3dshapes/C_0805_2012Metric.wrl
      (at (xyz 0 0 0))
      (scale (xyz 1 1 1))
      (rotate (xyz 0 0 0))
    )
  )

  (module Capacitor_SMD:C_0805_2012Metric_Pad1.15x1.40mm_HandSolder (layer B.Cu) (tedit 5B36C52B) (tstamp 5E29EE80)
    (at 33.624219 37.280769 90)
    (descr "Capacitor SMD 0805 (2012 Metric), square (rectangular) end terminal, IPC_7351 nominal with elongated pad for handsoldering. (Body size source: https://docs.google.com/spreadsheets/d/1BsfQQcO9C6DZCsRaXUlFlo91Tg2WpOkGARC1WS5S8t0/edit?usp=sharing), generated with kicad-footprint-generator")
    (tags "capacitor handsolder")
    (path /5E09BBBB)
    (attr smd)
    (fp_text reference C8 (at 0 1.65 90) (layer B.SilkS)
      (effects (font (size 1 1) (thickness 0.15)) (justify mirror))
    )
    (fp_text value 1u (at 0 -1.65 90) (layer B.Fab)
      (effects (font (size 1 1) (thickness 0.15)) (justify mirror))
    )
    (fp_text user %R (at 0 0 90) (layer B.Fab)
      (effects (font (size 0.5 0.5) (thickness 0.08)) (justify mirror))
    )
    (fp_line (start 1.85 -0.95) (end -1.85 -0.95) (layer B.CrtYd) (width 0.05))
    (fp_line (start 1.85 0.95) (end 1.85 -0.95) (layer B.CrtYd) (width 0.05))
    (fp_line (start -1.85 0.95) (end 1.85 0.95) (layer B.CrtYd) (width 0.05))
    (fp_line (start -1.85 -0.95) (end -1.85 0.95) (layer B.CrtYd) (width 0.05))
    (fp_line (start -0.261252 -0.71) (end 0.261252 -0.71) (layer B.SilkS) (width 0.12))
    (fp_line (start -0.261252 0.71) (end 0.261252 0.71) (layer B.SilkS) (width 0.12))
    (fp_line (start 1 -0.6) (end -1 -0.6) (layer B.Fab) (width 0.1))
    (fp_line (start 1 0.6) (end 1 -0.6) (layer B.Fab) (width 0.1))
    (fp_line (start -1 0.6) (end 1 0.6) (layer B.Fab) (width 0.1))
    (fp_line (start -1 -0.6) (end -1 0.6) (layer B.Fab) (width 0.1))
    (pad 2 smd roundrect (at 1.025 0 90) (size 1.15 1.4) (layers B.Cu B.Paste B.Mask) (roundrect_rratio 0.217391)
      (net 5 "Net-(C8-Pad2)"))
    (pad 1 smd roundrect (at -1.025 0 90) (size 1.15 1.4) (layers B.Cu B.Paste B.Mask) (roundrect_rratio 0.217391)
      (net 2 GND))
    (model ${KISYS3DMOD}/Capacitor_SMD.3dshapes/C_0805_2012Metric.wrl
      (at (xyz 0 0 0))
      (scale (xyz 1 1 1))
      (rotate (xyz 0 0 0))
    )
  )

  (module Keebio-Parts:Diode-dual (layer F.Cu) (tedit 5B7FFAB1) (tstamp 5E2A2546)
    (at 83.34375 48.41875)
    (path /5E0A5F9D)
    (attr smd)
    (fp_text reference D_1 (at -0.0254 1.4) (layer F.SilkS)
      (effects (font (size 0.8 0.8) (thickness 0.15)))
    )
    (fp_text value D (at 0 -1.925) (layer F.SilkS) hide
      (effects (font (size 0.8 0.8) (thickness 0.15)))
    )
    (fp_line (start -2.54 0.762) (end 2.54 0.762) (layer F.SilkS) (width 0.15))
    (fp_line (start 2.54 0.762) (end 2.54 -0.762) (layer F.SilkS) (width 0.15))
    (fp_line (start 2.54 -0.762) (end -2.54 -0.762) (layer F.SilkS) (width 0.15))
    (fp_line (start -2.54 -0.762) (end -2.54 0.762) (layer F.SilkS) (width 0.15))
    (fp_line (start -2.54 0.762) (end -2.032 0.762) (layer F.SilkS) (width 0.15))
    (fp_line (start 2.159 0.762) (end 2.159 -0.762) (layer F.SilkS) (width 0.15))
    (fp_line (start 2.286 -0.762) (end 2.286 0.762) (layer F.SilkS) (width 0.15))
    (fp_line (start 2.413 0.762) (end 2.413 -0.762) (layer F.SilkS) (width 0.15))
    (fp_line (start 2.032 -0.762) (end 2.032 0.762) (layer F.SilkS) (width 0.15))
    (fp_line (start 1.905 0.762) (end 1.905 -0.762) (layer F.SilkS) (width 0.15))
    (fp_line (start 1.778 0.762) (end 1.778 -0.762) (layer F.SilkS) (width 0.15))
    (pad 1 smd rect (at 2.5 0) (size 2.9 0.5) (layers F.Cu)
      (net 6 "Net-(D_1-Pad1)"))
    (pad 2 smd rect (at -2.5 0) (size 2.9 0.5) (layers F.Cu)
      (net 7 /COL2))
    (pad 1 thru_hole rect (at 3.9 0) (size 1.6 1.6) (drill 1) (layers *.Cu *.Mask F.SilkS)
      (net 6 "Net-(D_1-Pad1)"))
    (pad 2 thru_hole circle (at -3.9 0) (size 1.6 1.6) (drill 1) (layers *.Cu *.Mask F.SilkS)
      (net 7 /COL2))
    (pad 2 smd rect (at -1.4 0) (size 1.6 1.2) (layers F.Cu F.Paste F.Mask)
      (net 7 /COL2))
    (pad 1 smd rect (at 1.4 0) (size 1.6 1.2) (layers F.Cu F.Paste F.Mask)
      (net 6 "Net-(D_1-Pad1)"))
    (pad 1 smd rect (at 2.5 0) (size 2.9 0.5) (layers B.Cu)
      (net 6 "Net-(D_1-Pad1)"))
    (pad 1 smd rect (at 1.4 0) (size 1.6 1.2) (layers B.Cu B.Paste B.Mask)
      (net 6 "Net-(D_1-Pad1)"))
    (pad 2 smd rect (at -1.4 0) (size 1.6 1.2) (layers B.Cu B.Paste B.Mask)
      (net 7 /COL2))
    (pad 2 smd rect (at -2.5 0) (size 2.9 0.5) (layers B.Cu)
      (net 7 /COL2))
    (model ${KISYS3DMOD}/Diodes_SMD.3dshapes/D_SOD-123.step
      (at (xyz 0 0 0))
      (scale (xyz 1 1 1))
      (rotate (xyz 0 0 0))
    )
  )

  (module Keebio-Parts:Diode-dual (layer F.Cu) (tedit 5B7FFAB1) (tstamp 5E03896D)
    (at 102.39375 44.60875)
    (path /5E0A7905)
    (attr smd)
    (fp_text reference D_2 (at -0.0254 1.4) (layer F.SilkS)
      (effects (font (size 0.8 0.8) (thickness 0.15)))
    )
    (fp_text value D (at 0 -1.925) (layer F.SilkS) hide
      (effects (font (size 0.8 0.8) (thickness 0.15)))
    )
    (fp_line (start -2.54 0.762) (end 2.54 0.762) (layer F.SilkS) (width 0.15))
    (fp_line (start 2.54 0.762) (end 2.54 -0.762) (layer F.SilkS) (width 0.15))
    (fp_line (start 2.54 -0.762) (end -2.54 -0.762) (layer F.SilkS) (width 0.15))
    (fp_line (start -2.54 -0.762) (end -2.54 0.762) (layer F.SilkS) (width 0.15))
    (fp_line (start -2.54 0.762) (end -2.032 0.762) (layer F.SilkS) (width 0.15))
    (fp_line (start 2.159 0.762) (end 2.159 -0.762) (layer F.SilkS) (width 0.15))
    (fp_line (start 2.286 -0.762) (end 2.286 0.762) (layer F.SilkS) (width 0.15))
    (fp_line (start 2.413 0.762) (end 2.413 -0.762) (layer F.SilkS) (width 0.15))
    (fp_line (start 2.032 -0.762) (end 2.032 0.762) (layer F.SilkS) (width 0.15))
    (fp_line (start 1.905 0.762) (end 1.905 -0.762) (layer F.SilkS) (width 0.15))
    (fp_line (start 1.778 0.762) (end 1.778 -0.762) (layer F.SilkS) (width 0.15))
    (pad 1 smd rect (at 2.5 0) (size 2.9 0.5) (layers F.Cu)
      (net 8 "Net-(D_2-Pad1)"))
    (pad 2 smd rect (at -2.5 0) (size 2.9 0.5) (layers F.Cu)
      (net 9 /COL3))
    (pad 1 thru_hole rect (at 3.9 0) (size 1.6 1.6) (drill 1) (layers *.Cu *.Mask F.SilkS)
      (net 8 "Net-(D_2-Pad1)"))
    (pad 2 thru_hole circle (at -3.9 0) (size 1.6 1.6) (drill 1) (layers *.Cu *.Mask F.SilkS)
      (net 9 /COL3))
    (pad 2 smd rect (at -1.4 0) (size 1.6 1.2) (layers F.Cu F.Paste F.Mask)
      (net 9 /COL3))
    (pad 1 smd rect (at 1.4 0) (size 1.6 1.2) (layers F.Cu F.Paste F.Mask)
      (net 8 "Net-(D_2-Pad1)"))
    (pad 1 smd rect (at 2.5 0) (size 2.9 0.5) (layers B.Cu)
      (net 8 "Net-(D_2-Pad1)"))
    (pad 1 smd rect (at 1.4 0) (size 1.6 1.2) (layers B.Cu B.Paste B.Mask)
      (net 8 "Net-(D_2-Pad1)"))
    (pad 2 smd rect (at -1.4 0) (size 1.6 1.2) (layers B.Cu B.Paste B.Mask)
      (net 9 /COL3))
    (pad 2 smd rect (at -2.5 0) (size 2.9 0.5) (layers B.Cu)
      (net 9 /COL3))
    (model ${KISYS3DMOD}/Diodes_SMD.3dshapes/D_SOD-123.step
      (at (xyz 0 0 0))
      (scale (xyz 1 1 1))
      (rotate (xyz 0 0 0))
    )
  )

  (module Keebio-Parts:Diode-dual (layer F.Cu) (tedit 5B7FFAB1) (tstamp 5E29EECB)
    (at 122.2375 40.79875)
    (path /5E0A8426)
    (attr smd)
    (fp_text reference D_3 (at -0.0254 1.4) (layer F.SilkS)
      (effects (font (size 0.8 0.8) (thickness 0.15)))
    )
    (fp_text value D (at 0 -1.925) (layer F.SilkS) hide
      (effects (font (size 0.8 0.8) (thickness 0.15)))
    )
    (fp_line (start 1.778 0.762) (end 1.778 -0.762) (layer F.SilkS) (width 0.15))
    (fp_line (start 1.905 0.762) (end 1.905 -0.762) (layer F.SilkS) (width 0.15))
    (fp_line (start 2.032 -0.762) (end 2.032 0.762) (layer F.SilkS) (width 0.15))
    (fp_line (start 2.413 0.762) (end 2.413 -0.762) (layer F.SilkS) (width 0.15))
    (fp_line (start 2.286 -0.762) (end 2.286 0.762) (layer F.SilkS) (width 0.15))
    (fp_line (start 2.159 0.762) (end 2.159 -0.762) (layer F.SilkS) (width 0.15))
    (fp_line (start -2.54 0.762) (end -2.032 0.762) (layer F.SilkS) (width 0.15))
    (fp_line (start -2.54 -0.762) (end -2.54 0.762) (layer F.SilkS) (width 0.15))
    (fp_line (start 2.54 -0.762) (end -2.54 -0.762) (layer F.SilkS) (width 0.15))
    (fp_line (start 2.54 0.762) (end 2.54 -0.762) (layer F.SilkS) (width 0.15))
    (fp_line (start -2.54 0.762) (end 2.54 0.762) (layer F.SilkS) (width 0.15))
    (pad 2 smd rect (at -2.5 0) (size 2.9 0.5) (layers B.Cu)
      (net 10 /COL4))
    (pad 2 smd rect (at -1.4 0) (size 1.6 1.2) (layers B.Cu B.Paste B.Mask)
      (net 10 /COL4))
    (pad 1 smd rect (at 1.4 0) (size 1.6 1.2) (layers B.Cu B.Paste B.Mask)
      (net 11 "Net-(D_3-Pad1)"))
    (pad 1 smd rect (at 2.5 0) (size 2.9 0.5) (layers B.Cu)
      (net 11 "Net-(D_3-Pad1)"))
    (pad 1 smd rect (at 1.4 0) (size 1.6 1.2) (layers F.Cu F.Paste F.Mask)
      (net 11 "Net-(D_3-Pad1)"))
    (pad 2 smd rect (at -1.4 0) (size 1.6 1.2) (layers F.Cu F.Paste F.Mask)
      (net 10 /COL4))
    (pad 2 thru_hole circle (at -3.9 0) (size 1.6 1.6) (drill 1) (layers *.Cu *.Mask F.SilkS)
      (net 10 /COL4))
    (pad 1 thru_hole rect (at 3.9 0) (size 1.6 1.6) (drill 1) (layers *.Cu *.Mask F.SilkS)
      (net 11 "Net-(D_3-Pad1)"))
    (pad 2 smd rect (at -2.5 0) (size 2.9 0.5) (layers F.Cu)
      (net 10 /COL4))
    (pad 1 smd rect (at 2.5 0) (size 2.9 0.5) (layers F.Cu)
      (net 11 "Net-(D_3-Pad1)"))
    (model ${KISYS3DMOD}/Diodes_SMD.3dshapes/D_SOD-123.step
      (at (xyz 0 0 0))
      (scale (xyz 1 1 1))
      (rotate (xyz 0 0 0))
    )
  )

  (module Keebio-Parts:Diode-dual (layer F.Cu) (tedit 5B7FFAB1) (tstamp 5E29EEE4)
    (at 140.49375 44.60875)
    (path /5E0A8F5B)
    (attr smd)
    (fp_text reference D_4 (at -0.0254 1.4) (layer F.SilkS)
      (effects (font (size 0.8 0.8) (thickness 0.15)))
    )
    (fp_text value D (at 0 -1.925) (layer F.SilkS) hide
      (effects (font (size 0.8 0.8) (thickness 0.15)))
    )
    (fp_line (start -2.54 0.762) (end 2.54 0.762) (layer F.SilkS) (width 0.15))
    (fp_line (start 2.54 0.762) (end 2.54 -0.762) (layer F.SilkS) (width 0.15))
    (fp_line (start 2.54 -0.762) (end -2.54 -0.762) (layer F.SilkS) (width 0.15))
    (fp_line (start -2.54 -0.762) (end -2.54 0.762) (layer F.SilkS) (width 0.15))
    (fp_line (start -2.54 0.762) (end -2.032 0.762) (layer F.SilkS) (width 0.15))
    (fp_line (start 2.159 0.762) (end 2.159 -0.762) (layer F.SilkS) (width 0.15))
    (fp_line (start 2.286 -0.762) (end 2.286 0.762) (layer F.SilkS) (width 0.15))
    (fp_line (start 2.413 0.762) (end 2.413 -0.762) (layer F.SilkS) (width 0.15))
    (fp_line (start 2.032 -0.762) (end 2.032 0.762) (layer F.SilkS) (width 0.15))
    (fp_line (start 1.905 0.762) (end 1.905 -0.762) (layer F.SilkS) (width 0.15))
    (fp_line (start 1.778 0.762) (end 1.778 -0.762) (layer F.SilkS) (width 0.15))
    (pad 1 smd rect (at 2.5 0) (size 2.9 0.5) (layers F.Cu)
      (net 12 "Net-(D_4-Pad1)"))
    (pad 2 smd rect (at -2.5 0) (size 2.9 0.5) (layers F.Cu)
      (net 13 /COL5))
    (pad 1 thru_hole rect (at 3.9 0) (size 1.6 1.6) (drill 1) (layers *.Cu *.Mask F.SilkS)
      (net 12 "Net-(D_4-Pad1)"))
    (pad 2 thru_hole circle (at -3.9 0) (size 1.6 1.6) (drill 1) (layers *.Cu *.Mask F.SilkS)
      (net 13 /COL5))
    (pad 2 smd rect (at -1.4 0) (size 1.6 1.2) (layers F.Cu F.Paste F.Mask)
      (net 13 /COL5))
    (pad 1 smd rect (at 1.4 0) (size 1.6 1.2) (layers F.Cu F.Paste F.Mask)
